2000
1 0
2 1
3 2
4 3
5 4
6 5
7 6
8 7
9 8
10 7
11 1
12 5
13 10
14 6
15 2
16 8
17 0
18 17
19 18
20 0
21 2
22 10
23 8
24 3
25 3
26 17
27 7
28 4
29 7
30 3
31 16
32 13
33 23
34 2
35 3
36 15
37 1
38 12
39 31
40 17
41 4
42 14
43 3
44 6
45 18
46 5
47 23
48 3
49 25
50 17
51 14
52 29
53 7
54 11
55 40
56 4
57 16
58 42
59 31
60 41
61 34
62 22
63 1
64 20
65 55
66 6
67 38
68 30
69 43
70 12
71 62
72 45
73 30
74 53
75 28
76 1
77 63
78 18
79 78
80 58
81 70
82 63
83 3
84 21
85 69
86 73
87 3
88 49
89 37
90 15
91 52
92 25
93 19
94 23
95 25
96 57
97 7
98 87
99 87
100 88
101 43
102 23
103 4
104 16
105 41
106 62
107 61
108 74
109 87
110 11
111 81
112 95
113 71
114 83
115 108
116 89
117 18
118 14
119 76
120 89
121 44
122 15
123 81
124 35
125 48
126 16
127 58
128 64
129 65
130 120
131 113
132 126
133 69
134 49
135 63
136 49
137 1
138 40
139 36
140 82
141 124
142 112
143 134
144 127
145 31
146 139
147 22
148 55
149 30
150 140
151 100
152 122
153 114
154 94
155 75
156 116
157 96
158 91
159 94
160 52
161 140
162 69
163 69
164 150
165 8
166 109
167 63
168 73
169 107
170 123
171 83
172 81
173 19
174 90
175 119
176 140
177 29
178 62
179 146
180 26
181 155
182 165
183 15
184 84
185 120
186 164
187 73
188 103
189 96
190 105
191 19
192 8
193 2
194 35
195 150
196 44
197 170
198 85
199 81
200 144
201 137
202 35
203 11
204 129
205 29
206 48
207 194
208 167
209 161
210 84
211 174
212 82
213 26
214 182
215 190
216 151
217 194
218 71
219 202
220 213
221 173
222 191
223 83
224 126
225 111
226 152
227 156
228 169
229 7
230 5
231 131
232 59
233 66
234 183
235 49
236 74
237 180
238 136
239 199
240 232
241 173
242 130
243 67
244 235
245 34
246 193
247 53
248 177
249 164
250 180
251 40
252 219
253 35
254 65
255 217
256 244
257 10
258 147
259 184
260 204
261 86
262 186
263 92
264 171
265 169
266 99
267 209
268 47
269 10
270 149
271 100
272 265
273 189
274 41
275 73
276 202
277 79
278 87
279 66
280 277
281 191
282 62
283 65
284 212
285 177
286 8
287 48
288 206
289 236
290 186
291 2
292 138
293 272
294 170
295 191
296 76
297 198
298 220
299 192
300 9
301 197
302 165
303 109
304 287
305 202
306 137
307 13
308 57
309 165
310 63
311 282
312 22
313 207
314 144
315 39
316 274
317 226
318 70
319 154
320 155
321 99
322 223
323 105
324 218
325 116
326 165
327 31
328 6
329 90
330 309
331 312
332 225
333 224
334 300
335 87
336 217
337 286
338 21
339 125
340 29
341 74
342 333
343 136
344 78
345 150
346 94
347 204
348 19
349 293
350 80
351 337
352 3
353 281
354 73
355 263
356 336
357 343
358 267
359 184
360 353
361 304
362 147
363 311
364 154
365 358
366 99
367 241
368 225
369 139
370 233
371 133
372 169
373 323
374 299
375 342
376 139
377 196
378 321
379 202
380 13
381 207
382 96
383 176
384 26
385 274
386 180
387 20
388 96
389 95
390 33
391 215
392 33
393 226
394 374
395 66
396 88
397 279
398 168
399 235
400 133
401 152
402 233
403 97
404 282
405 364
406 22
407 217
408 8
409 93
410 259
411 349
412 141
413 152
414 216
415 294
416 247
417 295
418 142
419 99
420 170
421 311
422 1
423 86
424 226
425 149
426 132
427 136
428 332
429 54
430 364
431 430
432 48
433 40
434 242
435 245
436 302
437 108
438 422
439 365
440 311
441 39
442 31
443 422
444 142
445 164
446 119
447 3
448 88
449 88
450 212
451 104
452 380
453 269
454 372
455 95
456 84
457 327
458 223
459 7
460 150
461 392
462 26
463 409
464 137
465 95
466 80
467 453
468 311
469 15
470 77
471 39
472 6
473 408
474 35
475 302
476 43
477 438
478 78
479 108
480 161
481 201
482 378
483 227
484 47
485 34
486 425
487 415
488 204
489 370
490 289
491 116
492 121
493 27
494 35
495 134
496 94
497 38
498 148
499 299
500 398
501 4
502 108
503 306
504 52
505 112
506 16
507 76
508 266
509 49
510 381
511 137
512 283
513 265
514 434
515 231
516 281
517 498
518 192
519 352
520 278
521 10
522 437
523 309
524 15
525 38
526 94
527 143
528 127
529 110
530 365
531 71
532 438
533 357
534 284
535 400
536 244
537 5
538 9
539 472
540 403
541 139
542 32
543 97
544 393
545 205
546 454
547 329
548 393
549 408
550 531
551 270
552 159
553 472
554 521
555 357
556 208
557 232
558 401
559 340
560 487
561 540
562 366
563 248
564 180
565 411
566 371
567 299
568 104
569 96
570 390
571 196
572 511
573 485
574 534
575 43
576 142
577 246
578 475
579 99
580 398
581 20
582 321
583 43
584 196
585 449
586 284
587 500
588 528
589 46
590 150
591 374
592 199
593 38
594 518
595 145
596 391
597 372
598 138
599 60
600 37
601 424
602 33
603 324
604 179
605 122
606 122
607 496
608 253
609 331
610 247
611 335
612 381
613 462
614 231
615 289
616 331
617 448
618 113
619 229
620 618
621 476
622 8
623 416
624 278
625 217
626 38
627 170
628 147
629 513
630 146
631 174
632 271
633 253
634 435
635 58
636 223
637 194
638 513
639 528
640 552
641 363
642 201
643 159
644 638
645 612
646 119
647 168
648 125
649 486
650 111
651 601
652 287
653 329
654 483
655 283
656 334
657 80
658 96
659 370
660 179
661 611
662 525
663 356
664 444
665 615
666 293
667 409
668 366
669 134
670 393
671 188
672 312
673 216
674 272
675 77
676 221
677 275
678 341
679 132
680 107
681 285
682 669
683 399
684 420
685 173
686 496
687 29
688 383
689 263
690 503
691 87
692 109
693 377
694 366
695 426
696 637
697 400
698 499
699 547
700 694
701 354
702 565
703 346
704 693
705 692
706 250
707 706
708 259
709 240
710 232
711 223
712 538
713 579
714 635
715 434
716 443
717 646
718 581
719 471
720 603
721 197
722 520
723 114
724 650
725 485
726 15
727 500
728 477
729 498
730 721
731 542
732 304
733 562
734 235
735 631
736 95
737 540
738 346
739 350
740 77
741 306
742 132
743 237
744 402
745 188
746 348
747 203
748 347
749 478
750 461
751 444
752 514
753 637
754 246
755 437
756 232
757 346
758 726
759 501
760 121
761 348
762 369
763 287
764 201
765 625
766 375
767 501
768 533
769 40
770 542
771 255
772 466
773 185
774 99
775 52
776 174
777 62
778 69
779 497
780 57
781 424
782 588
783 198
784 475
785 592
786 757
787 635
788 422
789 475
790 88
791 592
792 748
793 178
794 420
795 266
796 83
797 251
798 117
799 594
800 245
801 119
802 597
803 29
804 480
805 395
806 33
807 637
808 693
809 47
810 153
811 676
812 471
813 731
814 282
815 424
816 406
817 132
818 451
819 301
820 289
821 68
822 257
823 612
824 20
825 794
826 791
827 175
828 752
829 565
830 806
831 634
832 716
833 274
834 192
835 148
836 705
837 486
838 126
839 481
840 21
841 2
842 82
843 195
844 312
845 10
846 25
847 193
848 577
849 171
850 69
851 313
852 680
853 88
854 821
855 545
856 506
857 848
858 625
859 86
860 518
861 814
862 564
863 40
864 313
865 210
866 640
867 830
868 604
869 376
870 210
871 56
872 7
873 108
874 550
875 636
876 708
877 793
878 386
879 273
880 257
881 193
882 178
883 739
884 385
885 737
886 189
887 525
888 265
889 614
890 520
891 579
892 559
893 476
894 89
895 169
896 323
897 685
898 91
899 169
900 551
901 657
902 435
903 35
904 421
905 4
906 628
907 708
908 401
909 193
910 268
911 179
912 150
913 820
914 746
915 227
916 880
917 47
918 392
919 81
920 82
921 157
922 343
923 873
924 727
925 253
926 657
927 186
928 354
929 201
930 338
931 743
932 258
933 231
934 264
935 836
936 842
937 563
938 270
939 828
940 36
941 468
942 864
943 376
944 90
945 79
946 257
947 743
948 443
949 235
950 563
951 182
952 488
953 815
954 908
955 163
956 37
957 506
958 390
959 366
960 519
961 893
962 835
963 833
964 93
965 387
966 41
967 627
968 276
969 328
970 40
971 847
972 343
973 103
974 408
975 484
976 711
977 128
978 881
979 461
980 271
981 404
982 560
983 610
984 982
985 499
986 445
987 679
988 705
989 23
990 826
991 495
992 411
993 409
994 970
995 808
996 742
997 848
998 527
999 315
1000 89
1001 338
1002 284
1003 654
1004 756
1005 308
1006 754
1007 487
1008 927
1009 200
1010 461
1011 603
1012 788
1013 605
1014 482
1015 14
1016 746
1017 232
1018 136
1019 837
1020 972
1021 132
1022 101
1023 779
1024 936
1025 72
1026 199
1027 1018
1028 273
1029 584
1030 301
1031 322
1032 66
1033 329
1034 780
1035 351
1036 196
1037 488
1038 809
1039 726
1040 424
1041 758
1042 722
1043 33
1044 747
1045 1035
1046 796
1047 909
1048 268
1049 864
1050 50
1051 403
1052 1040
1053 189
1054 141
1055 508
1056 931
1057 336
1058 200
1059 221
1060 361
1061 578
1062 618
1063 635
1064 224
1065 771
1066 582
1067 881
1068 459
1069 341
1070 719
1071 629
1072 293
1073 437
1074 132
1075 798
1076 1
1077 213
1078 566
1079 600
1080 923
1081 945
1082 1049
1083 1081
1084 542
1085 900
1086 686
1087 397
1088 532
1089 249
1090 1009
1091 185
1092 830
1093 759
1094 177
1095 549
1096 397
1097 699
1098 178
1099 944
1100 493
1101 583
1102 180
1103 523
1104 798
1105 643
1106 655
1107 137
1108 903
1109 298
1110 1083
1111 569
1112 546
1113 66
1114 655
1115 896
1116 1027
1117 53
1118 643
1119 188
1120 720
1121 61
1122 622
1123 1014
1124 883
1125 696
1126 267
1127 929
1128 659
1129 120
1130 996
1131 746
1132 63
1133 118
1134 1060
1135 873
1136 388
1137 93
1138 120
1139 128
1140 1017
1141 955
1142 155
1143 165
1144 883
1145 1098
1146 376
1147 23
1148 534
1149 734
1150 775
1151 822
1152 820
1153 230
1154 1072
1155 236
1156 152
1157 823
1158 543
1159 1079
1160 4
1161 1126
1162 781
1163 30
1164 568
1165 439
1166 140
1167 861
1168 660
1169 276
1170 52
1171 507
1172 156
1173 394
1174 164
1175 867
1176 537
1177 1078
1178 266
1179 1126
1180 892
1181 1129
1182 379
1183 412
1184 745
1185 969
1186 171
1187 200
1188 337
1189 310
1190 61
1191 417
1192 747
1193 734
1194 730
1195 296
1196 1030
1197 502
1198 352
1199 134
1200 137
1201 16
1202 303
1203 568
1204 504
1205 152
1206 717
1207 138
1208 398
1209 1103
1210 337
1211 419
1212 184
1213 574
1214 588
1215 412
1216 455
1217 961
1218 169
1219 1202
1220 244
1221 114
1222 674
1223 1139
1224 302
1225 757
1226 713
1227 625
1228 663
1229 901
1230 243
1231 199
1232 1177
1233 1040
1234 1087
1235 564
1236 1196
1237 718
1238 289
1239 715
1240 1091
1241 1072
1242 68
1243 1001
1244 515
1245 271
1246 594
1247 794
1248 25
1249 400
1250 451
1251 1232
1252 381
1253 826
1254 582
1255 1212
1256 392
1257 144
1258 280
1259 411
1260 184
1261 115
1262 1237
1263 1048
1264 1217
1265 898
1266 842
1267 380
1268 457
1269 1233
1270 848
1271 690
1272 225
1273 758
1274 980
1275 431
1276 1043
1277 972
1278 425
1279 215
1280 768
1281 353
1282 589
1283 528
1284 1121
1285 661
1286 714
1287 1209
1288 507
1289 858
1290 80
1291 658
1292 1277
1293 1250
1294 1082
1295 732
1296 490
1297 886
1298 814
1299 1009
1300 63
1301 281
1302 542
1303 1049
1304 752
1305 1279
1306 921
1307 1134
1308 513
1309 1228
1310 193
1311 184
1312 1261
1313 574
1314 825
1315 1110
1316 352
1317 640
1318 864
1319 496
1320 611
1321 181
1322 34
1323 696
1324 918
1325 634
1326 544
1327 974
1328 969
1329 780
1330 49
1331 548
1332 1275
1333 530
1334 615
1335 1057
1336 438
1337 63
1338 245
1339 1098
1340 44
1341 109
1342 346
1343 1132
1344 80
1345 1233
1346 84
1347 1322
1348 944
1349 245
1350 44
1351 335
1352 231
1353 570
1354 128
1355 1247
1356 897
1357 250
1358 280
1359 916
1360 865
1361 89
1362 158
1363 240
1364 588
1365 1167
1366 895
1367 438
1368 269
1369 977
1370 665
1371 91
1372 596
1373 203
1374 384
1375 1186
1376 1284
1377 1014
1378 1015
1379 215
1380 1308
1381 627
1382 347
1383 306
1384 426
1385 474
1386 698
1387 725
1388 409
1389 416
1390 685
1391 104
1392 895
1393 405
1394 1135
1395 194
1396 66
1397 802
1398 420
1399 462
1400 826
1401 1288
1402 313
1403 1227
1404 84
1405 265
1406 402
1407 98
1408 219
1409 1131
1410 530
1411 790
1412 1084
1413 379
1414 164
1415 566
1416 29
1417 741
1418 1206
1419 427
1420 1379
1421 470
1422 739
1423 676
1424 875
1425 554
1426 365
1427 716
1428 412
1429 408
1430 712
1431 323
1432 469
1433 125
1434 572
1435 481
1436 1234
1437 119
1438 397
1439 1041
1440 960
1441 1166
1442 268
1443 403
1444 283
1445 1378
1446 437
1447 593
1448 1156
1449 364
1450 897
1451 576
1452 788
1453 379
1454 314
1455 628
1456 1327
1457 774
1458 592
1459 1276
1460 677
1461 1454
1462 579
1463 950
1464 1002
1465 709
1466 20
1467 985
1468 458
1469 1168
1470 163
1471 1458
1472 1064
1473 6
1474 1084
1475 1172
1476 687
1477 396
1478 1308
1479 134
1480 1042
1481 1394
1482 478
1483 1415
1484 716
1485 625
1486 675
1487 1201
1488 463
1489 846
1490 1312
1491 636
1492 389
1493 707
1494 1423
1495 674
1496 741
1497 902
1498 858
1499 64
1500 1439
1501 613
1502 491
1503 1038
1504 567
1505 100
1506 1189
1507 903
1508 974
1509 1195
1510 1260
1511 1001
1512 1429
1513 1148
1514 1129
1515 1321
1516 1374
1517 482
1518 1234
1519 27
1520 1200
1521 947
1522 1068
1523 540
1524 473
1525 931
1526 744
1527 433
1528 392
1529 887
1530 851
1531 1135
1532 1454
1533 1251
1534 335
1535 880
1536 1104
1537 1376
1538 468
1539 1147
1540 1441
1541 533
1542 1179
1543 48
1544 0
1545 899
1546 1207
1547 1530
1548 584
1549 281
1550 1063
1551 339
1552 920
1553 1323
1554 87
1555 131
1556 1045
1557 108
1558 226
1559 679
1560 536
1561 819
1562 978
1563 217
1564 918
1565 1393
1566 755
1567 1094
1568 1022
1569 212
1570 908
1571 714
1572 615
1573 710
1574 685
1575 1145
1576 139
1577 1007
1578 297
1579 43
1580 322
1581 88
1582 111
1583 863
1584 598
1585 1284
1586 552
1587 1004
1588 627
1589 1283
1590 892
1591 666
1592 1478
1593 1386
1594 18
1595 1263
1596 1023
1597 293
1598 351
1599 796
1600 1351
1601 300
1602 802
1603 461
1604 865
1605 1174
1606 382
1607 272
1608 869
1609 513
1610 833
1611 757
1612 1089
1613 971
1614 1456
1615 1439
1616 1336
1617 649
1618 1138
1619 839
1620 975
1621 229
1622 970
1623 1252
1624 982
1625 1504
1626 1534
1627 898
1628 371
1629 422
1630 1000
1631 288
1632 638
1633 1344
1634 1277
1635 1370
1636 1262
1637 120
1638 1235
1639 1625
1640 1356
1641 416
1642 1369
1643 34
1644 1467
1645 372
1646 1158
1647 1292
1648 1463
1649 686
1650 892
1651 1023
1652 1357
1653 148
1654 442
1655 1069
1656 75
1657 859
1658 846
1659 935
1660 338
1661 556
1662 473
1663 967
1664 1155
1665 631
1666 416
1667 184
1668 954
1669 849
1670 1116
1671 992
1672 667
1673 1044
1674 91
1675 1516
1676 214
1677 705
1678 1666
1679 1033
1680 1127
1681 1593
1682 594
1683 705
1684 309
1685 1499
1686 1331
1687 338
1688 1411
1689 896
1690 1528
1691 611
1692 287
1693 569
1694 307
1695 135
1696 1201
1697 1636
1698 1163
1699 1084
1700 1024
1701 1214
1702 1041
1703 879
1704 1160
1705 345
1706 71
1707 641
1708 1050
1709 1492
1710 1165
1711 898
1712 977
1713 329
1714 1009
1715 786
1716 635
1717 376
1718 280
1719 972
1720 38
1721 788
1722 1253
1723 894
1724 1677
1725 651
1726 1655
1727 857
1728 492
1729 1700
1730 1444
1731 970
1732 1427
1733 647
1734 567
1735 446
1736 437
1737 1473
1738 1367
1739 715
1740 941
1741 344
1742 622
1743 1668
1744 327
1745 1475
1746 512
1747 1207
1748 1251
1749 410
1750 898
1751 904
1752 885
1753 174
1754 805
1755 418
1756 1211
1757 866
1758 1666
1759 429
1760 499
1761 642
1762 460
1763 78
1764 749
1765 732
1766 25
1767 932
1768 1046
1769 1302
1770 208
1771 1378
1772 813
1773 43
1774 591
1775 1026
1776 586
1777 748
1778 1057
1779 1166
1780 498
1781 773
1782 1701
1783 1361
1784 799
1785 1583
1786 927
1787 639
1788 930
1789 57
1790 1345
1791 205
1792 284
1793 1597
1794 1373
1795 460
1796 237
1797 1527
1798 1372
1799 868
1800 1283
1801 1316
1802 551
1803 185
1804 1778
1805 483
1806 1226
1807 1432
1808 1730
1809 685
1810 1270
1811 574
1812 997
1813 1012
1814 1274
1815 326
1816 167
1817 671
1818 540
1819 537
1820 1216
1821 1341
1822 1530
1823 10
1824 248
1825 274
1826 1006
1827 1334
1828 141
1829 228
1830 1539
1831 519
1832 933
1833 1259
1834 1247
1835 1568
1836 797
1837 170
1838 1630
1839 1550
1840 477
1841 1637
1842 225
1843 349
1844 1332
1845 768
1846 1676
1847 949
1848 53
1849 358
1850 913
1851 25
1852 372
1853 917
1854 300
1855 88
1856 1718
1857 847
1858 1149
1859 482
1860 85
1861 186
1862 1063
1863 1688
1864 1281
1865 385
1866 440
1867 77
1868 349
1869 1067
1870 1112
1871 301
1872 298
1873 901
1874 1001
1875 1121
1876 673
1877 234
1878 823
1879 1176
1880 1040
1881 760
1882 731
1883 682
1884 1794
1885 1338
1886 1398
1887 1667
1888 846
1889 1841
1890 863
1891 1703
1892 597
1893 85
1894 807
1895 867
1896 1502
1897 808
1898 135
1899 1890
1900 1183
1901 961
1902 128
1903 645
1904 942
1905 1806
1906 1770
1907 672
1908 1010
1909 537
1910 81
1911 1737
1912 1035
1913 567
1914 246
1915 312
1916 1103
1917 75
1918 421
1919 1069
1920 1434
1921 492
1922 1591
1923 1227
1924 803
1925 1162
1926 1049
1927 1886
1928 1082
1929 1259
1930 1133
1931 945
1932 1590
1933 1366
1934 1039
1935 721
1936 336
1937 38
1938 1481
1939 1673
1940 1297
1941 1089
1942 902
1943 1321
1944 812
1945 470
1946 258
1947 1151
1948 99
1949 1407
1950 723
1951 336
1952 1361
1953 1916
1954 577
1955 926
1956 1511
1957 834
1958 839
1959 1464
1960 1030
1961 1443
1962 37
1963 528
1964 263
1965 834
1966 845
1967 1567
1968 513
1969 1596
1970 462
1971 134
1972 133
1973 605
1974 1344
1975 952
1976 352
1977 261
1978 549
1979 1702
1980 960
1981 1524
1982 823
1983 752
1984 522
1985 57
1986 1783
1987 143
1988 1735
1989 1246
1990 119
1991 1278
1992 1214
1993 1067
1994 474
1995 1784
1996 160
1997 490
1998 445
1999 1217
