5000
1 0
2 1
3 2
4 3
5 4
6 5
7 6
8 7
9 8
10 9
11 10
12 11
13 12
14 13
15 14
16 15
17 16
18 17
19 18
20 19
21 20
22 21
23 22
24 23
25 24
26 25
27 26
28 27
29 28
30 29
31 30
32 31
33 32
34 33
35 34
36 35
37 36
38 37
39 38
40 39
41 40
42 41
43 42
44 43
45 44
46 45
47 46
48 47
49 48
50 49
51 50
52 51
53 52
54 53
55 54
56 55
57 56
58 57
59 58
60 59
61 60
62 61
63 62
64 63
65 64
66 65
67 66
68 67
69 68
70 69
71 70
72 71
73 72
74 73
75 74
76 75
77 76
78 77
79 78
80 79
81 80
82 81
83 82
84 83
85 84
86 85
87 86
88 87
89 88
90 89
91 90
92 91
93 92
94 93
95 94
96 95
97 96
98 97
99 98
100 99
101 100
102 101
103 102
104 103
105 104
106 105
107 106
108 107
109 108
110 109
111 110
112 111
113 112
114 113
115 114
116 115
117 116
118 117
119 118
120 119
121 120
122 121
123 122
124 123
125 124
126 125
127 126
128 127
129 128
130 129
131 130
132 131
133 132
134 133
135 134
136 135
137 136
138 137
139 138
140 139
141 140
142 141
143 142
144 143
145 144
146 145
147 146
148 147
149 148
150 149
151 150
152 151
153 152
154 153
155 154
156 155
157 156
158 157
159 158
160 159
161 160
162 161
163 162
164 163
165 164
166 165
167 166
168 167
169 168
170 169
171 170
172 171
173 172
174 173
175 174
176 175
177 176
178 177
179 178
180 179
181 180
182 181
183 182
184 183
185 184
186 185
187 186
188 187
189 188
190 189
191 190
192 191
193 192
194 193
195 194
196 195
197 196
198 197
199 198
200 199
201 200
202 201
203 202
204 203
205 204
206 205
207 206
208 207
209 208
210 209
211 210
212 211
213 212
214 213
215 214
216 215
217 216
218 217
219 218
220 219
221 220
222 221
223 222
224 223
225 224
226 225
227 226
228 227
229 228
230 229
231 230
232 231
233 232
234 233
235 234
236 235
237 236
238 237
239 238
240 239
241 240
242 241
243 242
244 243
245 244
246 245
247 246
248 247
249 248
250 249
251 250
252 251
253 252
254 253
255 254
256 255
257 256
258 257
259 258
260 259
261 260
262 261
263 262
264 263
265 264
266 265
267 266
268 267
269 268
270 269
271 270
272 271
273 272
274 273
275 274
276 275
277 276
278 277
279 278
280 279
281 280
282 281
283 282
284 283
285 284
286 285
287 286
288 287
289 288
290 289
291 290
292 291
293 292
294 293
295 294
296 295
297 296
298 297
299 298
300 299
301 300
302 301
303 302
304 303
305 304
306 305
307 306
308 307
309 308
310 309
311 310
312 311
313 312
314 313
315 314
316 315
317 316
318 317
319 318
320 319
321 320
322 321
323 322
324 323
325 324
326 325
327 326
328 327
329 328
330 329
331 330
332 331
333 332
334 333
335 334
336 335
337 336
338 337
339 338
340 339
341 340
342 341
343 342
344 343
345 344
346 345
347 346
348 347
349 348
350 349
351 350
352 351
353 352
354 353
355 354
356 355
357 356
358 357
359 358
360 359
361 360
362 361
363 362
364 363
365 364
366 365
367 366
368 367
369 368
370 369
371 370
372 371
373 372
374 373
375 374
376 375
377 376
378 377
379 378
380 379
381 380
382 381
383 382
384 383
385 384
386 385
387 386
388 387
389 388
390 389
391 390
392 391
393 392
394 393
395 394
396 395
397 396
398 397
399 398
400 399
401 400
402 401
403 402
404 403
405 404
406 405
407 406
408 407
409 408
410 409
411 410
412 411
413 412
414 413
415 414
416 415
417 416
418 417
419 418
420 419
421 420
422 421
423 422
424 423
425 424
426 425
427 426
428 427
429 428
430 429
431 430
432 431
433 432
434 433
435 434
436 435
437 436
438 437
439 438
440 439
441 440
442 441
443 442
444 443
445 444
446 445
447 446
448 447
449 448
450 449
451 450
452 451
453 452
454 453
455 454
456 455
457 456
458 457
459 458
460 459
461 460
462 461
463 462
464 463
465 464
466 465
467 466
468 467
469 468
470 469
471 470
472 471
473 472
474 473
475 474
476 475
477 476
478 477
479 478
480 479
481 480
482 481
483 482
484 483
485 484
486 485
487 486
488 487
489 488
490 489
491 490
492 491
493 492
494 493
495 494
496 495
497 496
498 497
499 498
500 499
501 500
502 501
503 502
504 503
505 504
506 505
507 506
508 507
509 508
510 509
511 510
512 511
513 512
514 513
515 514
516 515
517 516
518 517
519 518
520 519
521 520
522 521
523 522
524 523
525 524
526 525
527 526
528 527
529 528
530 529
531 530
532 531
533 532
534 533
535 534
536 535
537 536
538 537
539 538
540 539
541 540
542 541
543 542
544 543
545 544
546 545
547 546
548 547
549 548
550 549
551 550
552 551
553 552
554 553
555 554
556 555
557 556
558 557
559 558
560 559
561 560
562 561
563 562
564 563
565 564
566 565
567 566
568 567
569 568
570 569
571 570
572 571
573 572
574 573
575 574
576 575
577 576
578 577
579 578
580 579
581 580
582 581
583 582
584 583
585 584
586 585
587 586
588 587
589 588
590 589
591 590
592 591
593 592
594 593
595 594
596 595
597 596
598 597
599 598
600 599
601 600
602 601
603 602
604 603
605 604
606 605
607 606
608 607
609 608
610 609
611 610
612 611
613 612
614 613
615 614
616 615
617 616
618 617
619 618
620 619
621 620
622 621
623 622
624 623
625 624
626 625
627 626
628 627
629 628
630 629
631 630
632 631
633 632
634 633
635 634
636 635
637 636
638 637
639 638
640 639
641 640
642 641
643 642
644 643
645 644
646 645
647 646
648 647
649 648
650 649
651 650
652 651
653 652
654 653
655 654
656 655
657 656
658 657
659 658
660 659
661 660
662 661
663 662
664 663
665 664
666 665
667 666
668 667
669 668
670 669
671 670
672 671
673 672
674 673
675 674
676 675
677 676
678 677
679 678
680 679
681 680
682 681
683 682
684 683
685 684
686 685
687 686
688 687
689 688
690 689
691 690
692 691
693 692
694 693
695 694
696 695
697 696
698 697
699 698
700 699
701 700
702 701
703 702
704 703
705 704
706 705
707 706
708 707
709 708
710 709
711 710
712 711
713 712
714 713
715 714
716 715
717 716
718 717
719 718
720 719
721 720
722 721
723 722
724 723
725 724
726 725
727 726
728 727
729 728
730 729
731 730
732 731
733 732
734 733
735 734
736 735
737 736
738 737
739 738
740 739
741 740
742 741
743 742
744 743
745 744
746 745
747 746
748 747
749 748
750 749
751 750
752 751
753 752
754 753
755 754
756 755
757 756
758 757
759 758
760 759
761 760
762 761
763 762
764 763
765 764
766 765
767 766
768 767
769 768
770 769
771 770
772 771
773 772
774 773
775 774
776 775
777 776
778 777
779 778
780 779
781 780
782 781
783 782
784 783
785 784
786 785
787 786
788 787
789 788
790 789
791 790
792 791
793 792
794 793
795 794
796 795
797 796
798 797
799 798
800 799
801 800
802 801
803 802
804 803
805 804
806 805
807 806
808 807
809 808
810 809
811 810
812 811
813 812
814 813
815 814
816 815
817 816
818 817
819 818
820 819
821 820
822 821
823 822
824 823
825 824
826 825
827 826
828 827
829 828
830 829
831 830
832 831
833 832
834 833
835 834
836 835
837 836
838 837
839 838
840 839
841 840
842 841
843 842
844 843
845 844
846 845
847 846
848 847
849 848
850 849
851 850
852 851
853 852
854 853
855 854
856 855
857 856
858 857
859 858
860 859
861 860
862 861
863 862
864 863
865 864
866 865
867 866
868 867
869 868
870 869
871 870
872 871
873 872
874 873
875 874
876 875
877 876
878 877
879 878
880 879
881 880
882 881
883 882
884 883
885 884
886 885
887 886
888 887
889 888
890 889
891 890
892 891
893 892
894 893
895 894
896 895
897 896
898 897
899 898
900 899
901 900
902 901
903 902
904 903
905 904
906 905
907 906
908 907
909 908
910 909
911 910
912 911
913 912
914 913
915 914
916 915
917 916
918 917
919 918
920 919
921 920
922 921
923 922
924 923
925 924
926 925
927 926
928 927
929 928
930 929
931 930
932 931
933 932
934 933
935 934
936 935
937 936
938 937
939 938
940 939
941 940
942 941
943 942
944 943
945 944
946 945
947 946
948 947
949 948
950 949
951 950
952 951
953 952
954 953
955 954
956 955
957 956
958 957
959 958
960 959
961 960
962 961
963 962
964 963
965 964
966 965
967 966
968 967
969 968
970 969
971 970
972 971
973 972
974 973
975 974
976 975
977 976
978 977
979 978
980 979
981 980
982 981
983 982
984 983
985 984
986 985
987 986
988 987
989 988
990 989
991 990
992 991
993 992
994 993
995 994
996 995
997 996
998 997
999 998
1000 999
1001 1000
1002 1001
1003 1002
1004 1003
1005 1004
1006 1005
1007 1006
1008 1007
1009 1008
1010 1009
1011 1010
1012 1011
1013 1012
1014 1013
1015 1014
1016 1015
1017 1016
1018 1017
1019 1018
1020 1019
1021 1020
1022 1021
1023 1022
1024 1023
1025 1024
1026 1025
1027 1026
1028 1027
1029 1028
1030 1029
1031 1030
1032 1031
1033 1032
1034 1033
1035 1034
1036 1035
1037 1036
1038 1037
1039 1038
1040 1039
1041 1040
1042 1041
1043 1042
1044 1043
1045 1044
1046 1045
1047 1046
1048 1047
1049 1048
1050 1049
1051 1050
1052 1051
1053 1052
1054 1053
1055 1054
1056 1055
1057 1056
1058 1057
1059 1058
1060 1059
1061 1060
1062 1061
1063 1062
1064 1063
1065 1064
1066 1065
1067 1066
1068 1067
1069 1068
1070 1069
1071 1070
1072 1071
1073 1072
1074 1073
1075 1074
1076 1075
1077 1076
1078 1077
1079 1078
1080 1079
1081 1080
1082 1081
1083 1082
1084 1083
1085 1084
1086 1085
1087 1086
1088 1087
1089 1088
1090 1089
1091 1090
1092 1091
1093 1092
1094 1093
1095 1094
1096 1095
1097 1096
1098 1097
1099 1098
1100 1099
1101 1100
1102 1101
1103 1102
1104 1103
1105 1104
1106 1105
1107 1106
1108 1107
1109 1108
1110 1109
1111 1110
1112 1111
1113 1112
1114 1113
1115 1114
1116 1115
1117 1116
1118 1117
1119 1118
1120 1119
1121 1120
1122 1121
1123 1122
1124 1123
1125 1124
1126 1125
1127 1126
1128 1127
1129 1128
1130 1129
1131 1130
1132 1131
1133 1132
1134 1133
1135 1134
1136 1135
1137 1136
1138 1137
1139 1138
1140 1139
1141 1140
1142 1141
1143 1142
1144 1143
1145 1144
1146 1145
1147 1146
1148 1147
1149 1148
1150 1149
1151 1150
1152 1151
1153 1152
1154 1153
1155 1154
1156 1155
1157 1156
1158 1157
1159 1158
1160 1159
1161 1160
1162 1161
1163 1162
1164 1163
1165 1164
1166 1165
1167 1166
1168 1167
1169 1168
1170 1169
1171 1170
1172 1171
1173 1172
1174 1173
1175 1174
1176 1175
1177 1176
1178 1177
1179 1178
1180 1179
1181 1180
1182 1181
1183 1182
1184 1183
1185 1184
1186 1185
1187 1186
1188 1187
1189 1188
1190 1189
1191 1190
1192 1191
1193 1192
1194 1193
1195 1194
1196 1195
1197 1196
1198 1197
1199 1198
1200 1199
1201 1200
1202 1201
1203 1202
1204 1203
1205 1204
1206 1205
1207 1206
1208 1207
1209 1208
1210 1209
1211 1210
1212 1211
1213 1212
1214 1213
1215 1214
1216 1215
1217 1216
1218 1217
1219 1218
1220 1219
1221 1220
1222 1221
1223 1222
1224 1223
1225 1224
1226 1225
1227 1226
1228 1227
1229 1228
1230 1229
1231 1230
1232 1231
1233 1232
1234 1233
1235 1234
1236 1235
1237 1236
1238 1237
1239 1238
1240 1239
1241 1240
1242 1241
1243 1242
1244 1243
1245 1244
1246 1245
1247 1246
1248 1247
1249 1248
1250 1249
1251 1250
1252 1251
1253 1252
1254 1253
1255 1254
1256 1255
1257 1256
1258 1257
1259 1258
1260 1259
1261 1260
1262 1261
1263 1262
1264 1263
1265 1264
1266 1265
1267 1266
1268 1267
1269 1268
1270 1269
1271 1270
1272 1271
1273 1272
1274 1273
1275 1274
1276 1275
1277 1276
1278 1277
1279 1278
1280 1279
1281 1280
1282 1281
1283 1282
1284 1283
1285 1284
1286 1285
1287 1286
1288 1287
1289 1288
1290 1289
1291 1290
1292 1291
1293 1292
1294 1293
1295 1294
1296 1295
1297 1296
1298 1297
1299 1298
1300 1299
1301 1300
1302 1301
1303 1302
1304 1303
1305 1304
1306 1305
1307 1306
1308 1307
1309 1308
1310 1309
1311 1310
1312 1311
1313 1312
1314 1313
1315 1314
1316 1315
1317 1316
1318 1317
1319 1318
1320 1319
1321 1320
1322 1321
1323 1322
1324 1323
1325 1324
1326 1325
1327 1326
1328 1327
1329 1328
1330 1329
1331 1330
1332 1331
1333 1332
1334 1333
1335 1334
1336 1335
1337 1336
1338 1337
1339 1338
1340 1339
1341 1340
1342 1341
1343 1342
1344 1343
1345 1344
1346 1345
1347 1346
1348 1347
1349 1348
1350 1349
1351 1350
1352 1351
1353 1352
1354 1353
1355 1354
1356 1355
1357 1356
1358 1357
1359 1358
1360 1359
1361 1360
1362 1361
1363 1362
1364 1363
1365 1364
1366 1365
1367 1366
1368 1367
1369 1368
1370 1369
1371 1370
1372 1371
1373 1372
1374 1373
1375 1374
1376 1375
1377 1376
1378 1377
1379 1378
1380 1379
1381 1380
1382 1381
1383 1382
1384 1383
1385 1384
1386 1385
1387 1386
1388 1387
1389 1388
1390 1389
1391 1390
1392 1391
1393 1392
1394 1393
1395 1394
1396 1395
1397 1396
1398 1397
1399 1398
1400 1399
1401 1400
1402 1401
1403 1402
1404 1403
1405 1404
1406 1405
1407 1406
1408 1407
1409 1408
1410 1409
1411 1410
1412 1411
1413 1412
1414 1413
1415 1414
1416 1415
1417 1416
1418 1417
1419 1418
1420 1419
1421 1420
1422 1421
1423 1422
1424 1423
1425 1424
1426 1425
1427 1426
1428 1427
1429 1428
1430 1429
1431 1430
1432 1431
1433 1432
1434 1433
1435 1434
1436 1435
1437 1436
1438 1437
1439 1438
1440 1439
1441 1440
1442 1441
1443 1442
1444 1443
1445 1444
1446 1445
1447 1446
1448 1447
1449 1448
1450 1449
1451 1450
1452 1451
1453 1452
1454 1453
1455 1454
1456 1455
1457 1456
1458 1457
1459 1458
1460 1459
1461 1460
1462 1461
1463 1462
1464 1463
1465 1464
1466 1465
1467 1466
1468 1467
1469 1468
1470 1469
1471 1470
1472 1471
1473 1472
1474 1473
1475 1474
1476 1475
1477 1476
1478 1477
1479 1478
1480 1479
1481 1480
1482 1481
1483 1482
1484 1483
1485 1484
1486 1485
1487 1486
1488 1487
1489 1488
1490 1489
1491 1490
1492 1491
1493 1492
1494 1493
1495 1494
1496 1495
1497 1496
1498 1497
1499 1498
1500 1499
1501 1500
1502 1501
1503 1502
1504 1503
1505 1504
1506 1505
1507 1506
1508 1507
1509 1508
1510 1509
1511 1510
1512 1511
1513 1512
1514 1513
1515 1514
1516 1515
1517 1516
1518 1517
1519 1518
1520 1519
1521 1520
1522 1521
1523 1522
1524 1523
1525 1524
1526 1525
1527 1526
1528 1527
1529 1528
1530 1529
1531 1530
1532 1531
1533 1532
1534 1533
1535 1534
1536 1535
1537 1536
1538 1537
1539 1538
1540 1539
1541 1540
1542 1541
1543 1542
1544 1543
1545 1544
1546 1545
1547 1546
1548 1547
1549 1548
1550 1549
1551 1550
1552 1551
1553 1552
1554 1553
1555 1554
1556 1555
1557 1556
1558 1557
1559 1558
1560 1559
1561 1560
1562 1561
1563 1562
1564 1563
1565 1564
1566 1565
1567 1566
1568 1567
1569 1568
1570 1569
1571 1570
1572 1571
1573 1572
1574 1573
1575 1574
1576 1575
1577 1576
1578 1577
1579 1578
1580 1579
1581 1580
1582 1581
1583 1582
1584 1583
1585 1584
1586 1585
1587 1586
1588 1587
1589 1588
1590 1589
1591 1590
1592 1591
1593 1592
1594 1593
1595 1594
1596 1595
1597 1596
1598 1597
1599 1598
1600 1599
1601 1600
1602 1601
1603 1602
1604 1603
1605 1604
1606 1605
1607 1606
1608 1607
1609 1608
1610 1609
1611 1610
1612 1611
1613 1612
1614 1613
1615 1614
1616 1615
1617 1616
1618 1617
1619 1618
1620 1619
1621 1620
1622 1621
1623 1622
1624 1623
1625 1624
1626 1625
1627 1626
1628 1627
1629 1628
1630 1629
1631 1630
1632 1631
1633 1632
1634 1633
1635 1634
1636 1635
1637 1636
1638 1637
1639 1638
1640 1639
1641 1640
1642 1641
1643 1642
1644 1643
1645 1644
1646 1645
1647 1646
1648 1647
1649 1648
1650 1649
1651 1650
1652 1651
1653 1652
1654 1653
1655 1654
1656 1655
1657 1656
1658 1657
1659 1658
1660 1659
1661 1660
1662 1661
1663 1662
1664 1663
1665 1664
1666 1665
1667 1666
1668 1667
1669 1668
1670 1669
1671 1670
1672 1671
1673 1672
1674 1673
1675 1674
1676 1675
1677 1676
1678 1677
1679 1678
1680 1679
1681 1680
1682 1681
1683 1682
1684 1683
1685 1684
1686 1685
1687 1686
1688 1687
1689 1688
1690 1689
1691 1690
1692 1691
1693 1692
1694 1693
1695 1694
1696 1695
1697 1696
1698 1697
1699 1698
1700 1699
1701 1700
1702 1701
1703 1702
1704 1703
1705 1704
1706 1705
1707 1706
1708 1707
1709 1708
1710 1709
1711 1710
1712 1711
1713 1712
1714 1713
1715 1714
1716 1715
1717 1716
1718 1717
1719 1718
1720 1719
1721 1720
1722 1721
1723 1722
1724 1723
1725 1724
1726 1725
1727 1726
1728 1727
1729 1728
1730 1729
1731 1730
1732 1731
1733 1732
1734 1733
1735 1734
1736 1735
1737 1736
1738 1737
1739 1738
1740 1739
1741 1740
1742 1741
1743 1742
1744 1743
1745 1744
1746 1745
1747 1746
1748 1747
1749 1748
1750 1749
1751 1750
1752 1751
1753 1752
1754 1753
1755 1754
1756 1755
1757 1756
1758 1757
1759 1758
1760 1759
1761 1760
1762 1761
1763 1762
1764 1763
1765 1764
1766 1765
1767 1766
1768 1767
1769 1768
1770 1769
1771 1770
1772 1771
1773 1772
1774 1773
1775 1774
1776 1775
1777 1776
1778 1777
1779 1778
1780 1779
1781 1780
1782 1781
1783 1782
1784 1783
1785 1784
1786 1785
1787 1786
1788 1787
1789 1788
1790 1789
1791 1790
1792 1791
1793 1792
1794 1793
1795 1794
1796 1795
1797 1796
1798 1797
1799 1798
1800 1799
1801 1800
1802 1801
1803 1802
1804 1803
1805 1804
1806 1805
1807 1806
1808 1807
1809 1808
1810 1809
1811 1810
1812 1811
1813 1812
1814 1813
1815 1814
1816 1815
1817 1816
1818 1817
1819 1818
1820 1819
1821 1820
1822 1821
1823 1822
1824 1823
1825 1824
1826 1825
1827 1826
1828 1827
1829 1828
1830 1829
1831 1830
1832 1831
1833 1832
1834 1833
1835 1834
1836 1835
1837 1836
1838 1837
1839 1838
1840 1839
1841 1840
1842 1841
1843 1842
1844 1843
1845 1844
1846 1845
1847 1846
1848 1847
1849 1848
1850 1849
1851 1850
1852 1851
1853 1852
1854 1853
1855 1854
1856 1855
1857 1856
1858 1857
1859 1858
1860 1859
1861 1860
1862 1861
1863 1862
1864 1863
1865 1864
1866 1865
1867 1866
1868 1867
1869 1868
1870 1869
1871 1870
1872 1871
1873 1872
1874 1873
1875 1874
1876 1875
1877 1876
1878 1877
1879 1878
1880 1879
1881 1880
1882 1881
1883 1882
1884 1883
1885 1884
1886 1885
1887 1886
1888 1887
1889 1888
1890 1889
1891 1890
1892 1891
1893 1892
1894 1893
1895 1894
1896 1895
1897 1896
1898 1897
1899 1898
1900 1899
1901 1900
1902 1901
1903 1902
1904 1903
1905 1904
1906 1905
1907 1906
1908 1907
1909 1908
1910 1909
1911 1910
1912 1911
1913 1912
1914 1913
1915 1914
1916 1915
1917 1916
1918 1917
1919 1918
1920 1919
1921 1920
1922 1921
1923 1922
1924 1923
1925 1924
1926 1925
1927 1926
1928 1927
1929 1928
1930 1929
1931 1930
1932 1931
1933 1932
1934 1933
1935 1934
1936 1935
1937 1936
1938 1937
1939 1938
1940 1939
1941 1940
1942 1941
1943 1942
1944 1943
1945 1944
1946 1945
1947 1946
1948 1947
1949 1948
1950 1949
1951 1950
1952 1951
1953 1952
1954 1953
1955 1954
1956 1955
1957 1956
1958 1957
1959 1958
1960 1959
1961 1960
1962 1961
1963 1962
1964 1963
1965 1964
1966 1965
1967 1966
1968 1967
1969 1968
1970 1969
1971 1970
1972 1971
1973 1972
1974 1973
1975 1974
1976 1975
1977 1976
1978 1977
1979 1978
1980 1979
1981 1980
1982 1981
1983 1982
1984 1983
1985 1984
1986 1985
1987 1986
1988 1987
1989 1988
1990 1989
1991 1990
1992 1991
1993 1992
1994 1993
1995 1994
1996 1995
1997 1996
1998 1997
1999 1998
2000 1999
2001 2000
2002 2001
2003 2002
2004 2003
2005 2004
2006 2005
2007 2006
2008 2007
2009 2008
2010 2009
2011 2010
2012 2011
2013 2012
2014 2013
2015 2014
2016 2015
2017 2016
2018 2017
2019 2018
2020 2019
2021 2020
2022 2021
2023 2022
2024 2023
2025 2024
2026 2025
2027 2026
2028 2027
2029 2028
2030 2029
2031 2030
2032 2031
2033 2032
2034 2033
2035 2034
2036 2035
2037 2036
2038 2037
2039 2038
2040 2039
2041 2040
2042 2041
2043 2042
2044 2043
2045 2044
2046 2045
2047 2046
2048 2047
2049 2048
2050 2049
2051 2050
2052 2051
2053 2052
2054 2053
2055 2054
2056 2055
2057 2056
2058 2057
2059 2058
2060 2059
2061 2060
2062 2061
2063 2062
2064 2063
2065 2064
2066 2065
2067 2066
2068 2067
2069 2068
2070 2069
2071 2070
2072 2071
2073 2072
2074 2073
2075 2074
2076 2075
2077 2076
2078 2077
2079 2078
2080 2079
2081 2080
2082 2081
2083 2082
2084 2083
2085 2084
2086 2085
2087 2086
2088 2087
2089 2088
2090 2089
2091 2090
2092 2091
2093 2092
2094 2093
2095 2094
2096 2095
2097 2096
2098 2097
2099 2098
2100 2099
2101 2100
2102 2101
2103 2102
2104 2103
2105 2104
2106 2105
2107 2106
2108 2107
2109 2108
2110 2109
2111 2110
2112 2111
2113 2112
2114 2113
2115 2114
2116 2115
2117 2116
2118 2117
2119 2118
2120 2119
2121 2120
2122 2121
2123 2122
2124 2123
2125 2124
2126 2125
2127 2126
2128 2127
2129 2128
2130 2129
2131 2130
2132 2131
2133 2132
2134 2133
2135 2134
2136 2135
2137 2136
2138 2137
2139 2138
2140 2139
2141 2140
2142 2141
2143 2142
2144 2143
2145 2144
2146 2145
2147 2146
2148 2147
2149 2148
2150 2149
2151 2150
2152 2151
2153 2152
2154 2153
2155 2154
2156 2155
2157 2156
2158 2157
2159 2158
2160 2159
2161 2160
2162 2161
2163 2162
2164 2163
2165 2164
2166 2165
2167 2166
2168 2167
2169 2168
2170 2169
2171 2170
2172 2171
2173 2172
2174 2173
2175 2174
2176 2175
2177 2176
2178 2177
2179 2178
2180 2179
2181 2180
2182 2181
2183 2182
2184 2183
2185 2184
2186 2185
2187 2186
2188 2187
2189 2188
2190 2189
2191 2190
2192 2191
2193 2192
2194 2193
2195 2194
2196 2195
2197 2196
2198 2197
2199 2198
2200 2199
2201 2200
2202 2201
2203 2202
2204 2203
2205 2204
2206 2205
2207 2206
2208 2207
2209 2208
2210 2209
2211 2210
2212 2211
2213 2212
2214 2213
2215 2214
2216 2215
2217 2216
2218 2217
2219 2218
2220 2219
2221 2220
2222 2221
2223 2222
2224 2223
2225 2224
2226 2225
2227 2226
2228 2227
2229 2228
2230 2229
2231 2230
2232 2231
2233 2232
2234 2233
2235 2234
2236 2235
2237 2236
2238 2237
2239 2238
2240 2239
2241 2240
2242 2241
2243 2242
2244 2243
2245 2244
2246 2245
2247 2246
2248 2247
2249 2248
2250 2249
2251 2250
2252 2251
2253 2252
2254 2253
2255 2254
2256 2255
2257 2256
2258 2257
2259 2258
2260 2259
2261 2260
2262 2261
2263 2262
2264 2263
2265 2264
2266 2265
2267 2266
2268 2267
2269 2268
2270 2269
2271 2270
2272 2271
2273 2272
2274 2273
2275 2274
2276 2275
2277 2276
2278 2277
2279 2278
2280 2279
2281 2280
2282 2281
2283 2282
2284 2283
2285 2284
2286 2285
2287 2286
2288 2287
2289 2288
2290 2289
2291 2290
2292 2291
2293 2292
2294 2293
2295 2294
2296 2295
2297 2296
2298 2297
2299 2298
2300 2299
2301 2300
2302 2301
2303 2302
2304 2303
2305 2304
2306 2305
2307 2306
2308 2307
2309 2308
2310 2309
2311 2310
2312 2311
2313 2312
2314 2313
2315 2314
2316 2315
2317 2316
2318 2317
2319 2318
2320 2319
2321 2320
2322 2321
2323 2322
2324 2323
2325 2324
2326 2325
2327 2326
2328 2327
2329 2328
2330 2329
2331 2330
2332 2331
2333 2332
2334 2333
2335 2334
2336 2335
2337 2336
2338 2337
2339 2338
2340 2339
2341 2340
2342 2341
2343 2342
2344 2343
2345 2344
2346 2345
2347 2346
2348 2347
2349 2348
2350 2349
2351 2350
2352 2351
2353 2352
2354 2353
2355 2354
2356 2355
2357 2356
2358 2357
2359 2358
2360 2359
2361 2360
2362 2361
2363 2362
2364 2363
2365 2364
2366 2365
2367 2366
2368 2367
2369 2368
2370 2369
2371 2370
2372 2371
2373 2372
2374 2373
2375 2374
2376 2375
2377 2376
2378 2377
2379 2378
2380 2379
2381 2380
2382 2381
2383 2382
2384 2383
2385 2384
2386 2385
2387 2386
2388 2387
2389 2388
2390 2389
2391 2390
2392 2391
2393 2392
2394 2393
2395 2394
2396 2395
2397 2396
2398 2397
2399 2398
2400 2399
2401 2400
2402 2401
2403 2402
2404 2403
2405 2404
2406 2405
2407 2406
2408 2407
2409 2408
2410 2409
2411 2410
2412 2411
2413 2412
2414 2413
2415 2414
2416 2415
2417 2416
2418 2417
2419 2418
2420 2419
2421 2420
2422 2421
2423 2422
2424 2423
2425 2424
2426 2425
2427 2426
2428 2427
2429 2428
2430 2429
2431 2430
2432 2431
2433 2432
2434 2433
2435 2434
2436 2435
2437 2436
2438 2437
2439 2438
2440 2439
2441 2440
2442 2441
2443 2442
2444 2443
2445 2444
2446 2445
2447 2446
2448 2447
2449 2448
2450 2449
2451 2450
2452 2451
2453 2452
2454 2453
2455 2454
2456 2455
2457 2456
2458 2457
2459 2458
2460 2459
2461 2460
2462 2461
2463 2462
2464 2463
2465 2464
2466 2465
2467 2466
2468 2467
2469 2468
2470 2469
2471 2470
2472 2471
2473 2472
2474 2473
2475 2474
2476 2475
2477 2476
2478 2477
2479 2478
2480 2479
2481 2480
2482 2481
2483 2482
2484 2483
2485 2484
2486 2485
2487 2486
2488 2487
2489 2488
2490 2489
2491 2490
2492 2491
2493 2492
2494 2493
2495 2494
2496 2495
2497 2496
2498 2497
2499 2498
2500 1807
2501 2305
2502 491
2503 643
2504 1282
2505 227
2506 660
2507 294
2508 2231
2509 74
2510 810
2511 1745
2512 2396
2513 1483
2514 1149
2515 578
2516 1791
2517 73
2518 394
2519 2435
2520 1383
2521 270
2522 1923
2523 2261
2524 1000
2525 2283
2526 315
2527 1108
2528 2120
2529 916
2530 987
2531 2
2532 440
2533 1347
2534 1940
2535 603
2536 131
2537 1474
2538 1755
2539 204
2540 2487
2541 2387
2542 225
2543 881
2544 1805
2545 1805
2546 446
2547 193
2548 230
2549 625
2550 2351
2551 789
2552 2340
2553 2224
2554 794
2555 1795
2556 120
2557 352
2558 920
2559 2287
2560 42
2561 567
2562 2553
2563 2494
2564 505
2565 2368
2566 401
2567 1840
2568 1308
2569 1221
2570 568
2571 208
2572 1579
2573 1497
2574 807
2575 2189
2576 1015
2577 864
2578 593
2579 1283
2580 915
2581 1146
2582 975
2583 1876
2584 1885
2585 2460
2586 1425
2587 1788
2588 471
2589 327
2590 508
2591 2497
2592 1841
2593 1477
2594 1724
2595 611
2596 1852
2597 96
2598 668
2599 973
2600 101
2601 567
2602 587
2603 2468
2604 2057
2605 83
2606 827
2607 1608
2608 1478
2609 2595
2610 2399
2611 1059
2612 61
2613 138
2614 1173
2615 1643
2616 1894
2617 1922
2618 1906
2619 1457
2620 660
2621 977
2622 1962
2623 507
2624 1515
2625 1593
2626 747
2627 2544
2628 46
2629 942
2630 2032
2631 1390
2632 962
2633 688
2634 799
2635 171
2636 1559
2637 2347
2638 1757
2639 947
2640 1070
2641 597
2642 1280
2643 1932
2644 1016
2645 2480
2646 1040
2647 1167
2648 775
2649 1483
2650 2572
2651 48
2652 1887
2653 1137
2654 2174
2655 668
2656 2433
2657 2298
2658 301
2659 1270
2660 2043
2661 1616
2662 2121
2663 418
2664 1566
2665 1389
2666 2584
2667 392
2668 2186
2669 2212
2670 176
2671 463
2672 2275
2673 108
2674 2664
2675 815
2676 2498
2677 1191
2678 521
2679 2280
2680 1745
2681 2365
2682 2186
2683 2194
2684 1907
2685 840
2686 2256
2687 1658
2688 271
2689 298
2690 1724
2691 353
2692 2335
2693 1258
2694 2379
2695 709
2696 1066
2697 1562
2698 1851
2699 2429
2700 2244
2701 892
2702 400
2703 101
2704 2524
2705 1185
2706 1285
2707 2505
2708 1677
2709 1216
2710 583
2711 587
2712 1121
2713 168
2714 2466
2715 1746
2716 1616
2717 48
2718 1375
2719 824
2720 2135
2721 1775
2722 2613
2723 2454
2724 723
2725 439
2726 216
2727 1269
2728 1764
2729 1311
2730 352
2731 2017
2732 1586
2733 2575
2734 2265
2735 1534
2736 2287
2737 1180
2738 87
2739 662
2740 1740
2741 1545
2742 651
2743 2660
2744 1619
2745 1882
2746 2322
2747 601
2748 1665
2749 66
2750 1844
2751 452
2752 360
2753 670
2754 2115
2755 2054
2756 1647
2757 1760
2758 1939
2759 726
2760 1499
2761 1093
2762 1865
2763 2316
2764 2405
2765 1468
2766 2308
2767 2282
2768 2753
2769 2364
2770 2567
2771 782
2772 1988
2773 2578
2774 1404
2775 1722
2776 48
2777 837
2778 200
2779 327
2780 676
2781 1034
2782 2250
2783 1216
2784 584
2785 11
2786 482
2787 57
2788 2174
2789 2633
2790 2109
2791 996
2792 1969
2793 7
2794 1717
2795 262
2796 1649
2797 94
2798 685
2799 549
2800 853
2801 2357
2802 2776
2803 1284
2804 2500
2805 1299
2806 572
2807 1932
2808 2104
2809 1878
2810 1975
2811 1848
2812 189
2813 2762
2814 1430
2815 1916
2816 1181
2817 1108
2818 1850
2819 1724
2820 879
2821 2047
2822 391
2823 2444
2824 232
2825 487
2826 427
2827 2639
2828 1239
2829 2822
2830 479
2831 2495
2832 573
2833 1049
2834 2116
2835 570
2836 122
2837 2243
2838 2113
2839 1539
2840 2160
2841 2170
2842 1991
2843 1066
2844 1483
2845 613
2846 2096
2847 712
2848 1867
2849 917
2850 1613
2851 1656
2852 2805
2853 1397
2854 2694
2855 2253
2856 1197
2857 2361
2858 1983
2859 292
2860 423
2861 2821
2862 1555
2863 1825
2864 2827
2865 267
2866 1195
2867 2793
2868 999
2869 1409
2870 1993
2871 945
2872 164
2873 2647
2874 896
2875 2459
2876 1754
2877 2090
2878 1316
2879 1042
2880 1773
2881 2648
2882 1229
2883 2515
2884 658
2885 1321
2886 1810
2887 2488
2888 580
2889 2581
2890 2733
2891 2563
2892 779
2893 1325
2894 1484
2895 1144
2896 1164
2897 895
2898 2330
2899 2050
2900 2149
2901 304
2902 849
2903 2223
2904 1470
2905 2784
2906 2129
2907 790
2908 1496
2909 266
2910 470
2911 1879
2912 685
2913 926
2914 2270
2915 2754
2916 2742
2917 40
2918 994
2919 1920
2920 444
2921 2683
2922 2448
2923 1850
2924 2680
2925 260
2926 386
2927 1639
2928 1412
2929 2026
2930 1701
2931 306
2932 1733
2933 2605
2934 22
2935 2054
2936 1393
2937 645
2938 1088
2939 666
2940 2432
2941 2885
2942 2306
2943 1730
2944 712
2945 1755
2946 1728
2947 2583
2948 2045
2949 2221
2950 540
2951 173
2952 482
2953 1676
2954 1403
2955 1805
2956 2148
2957 2257
2958 2855
2959 712
2960 987
2961 2604
2962 2336
2963 190
2964 2567
2965 2402
2966 2717
2967 1359
2968 1422
2969 2481
2970 461
2971 1986
2972 2324
2973 839
2974 2803
2975 224
2976 2309
2977 429
2978 344
2979 1690
2980 179
2981 645
2982 2443
2983 2311
2984 309
2985 1469
2986 2512
2987 1367
2988 148
2989 1229
2990 2678
2991 133
2992 744
2993 1788
2994 2392
2995 1247
2996 432
2997 1441
2998 2686
2999 2221
3000 2811
3001 2800
3002 2269
3003 2326
3004 1444
3005 2786
3006 1139
3007 2401
3008 1040
3009 136
3010 2748
3011 3003
3012 119
3013 1991
3014 1281
3015 848
3016 1642
3017 525
3018 481
3019 141
3020 1015
3021 1355
3022 1210
3023 2695
3024 302
3025 2740
3026 1354
3027 1559
3028 901
3029 763
3030 2113
3031 1211
3032 2068
3033 1990
3034 1763
3035 3015
3036 2710
3037 978
3038 1853
3039 1254
3040 261
3041 281
3042 339
3043 2955
3044 1841
3045 2907
3046 2684
3047 2087
3048 1205
3049 1934
3050 2067
3051 1593
3052 216
3053 3049
3054 108
3055 901
3056 2027
3057 1817
3058 2280
3059 1145
3060 2730
3061 2715
3062 2921
3063 1916
3064 1038
3065 1068
3066 2566
3067 2256
3068 2703
3069 609
3070 2538
3071 1763
3072 2289
3073 1666
3074 368
3075 2804
3076 410
3077 951
3078 528
3079 2925
3080 1780
3081 2663
3082 2205
3083 3044
3084 1700
3085 940
3086 1577
3087 1899
3088 776
3089 710
3090 457
3091 364
3092 1561
3093 3009
3094 1991
3095 1742
3096 2942
3097 843
3098 2919
3099 2485
3100 547
3101 631
3102 1617
3103 999
3104 1497
3105 259
3106 2307
3107 96
3108 1481
3109 59
3110 228
3111 662
3112 2176
3113 871
3114 1160
3115 3042
3116 366
3117 3086
3118 2653
3119 1755
3120 2816
3121 2348
3122 2511
3123 2338
3124 1295
3125 38
3126 1573
3127 935
3128 203
3129 1080
3130 272
3131 2732
3132 1065
3133 1994
3134 3044
3135 2442
3136 39
3137 2425
3138 1097
3139 974
3140 2001
3141 1267
3142 463
3143 954
3144 1959
3145 2743
3146 2168
3147 2720
3148 280
3149 1123
3150 2279
3151 1147
3152 1823
3153 1211
3154 1938
3155 2470
3156 1745
3157 1774
3158 2178
3159 473
3160 583
3161 2582
3162 3084
3163 2748
3164 1918
3165 2747
3166 637
3167 557
3168 41
3169 2977
3170 1577
3171 1641
3172 1055
3173 3095
3174 1542
3175 1423
3176 3026
3177 221
3178 1335
3179 822
3180 2363
3181 1133
3182 3045
3183 722
3184 2362
3185 2116
3186 2143
3187 383
3188 2787
3189 283
3190 834
3191 843
3192 2629
3193 2149
3194 613
3195 2987
3196 556
3197 851
3198 2443
3199 2563
3200 352
3201 3133
3202 1440
3203 1034
3204 2231
3205 824
3206 59
3207 421
3208 3155
3209 2465
3210 1533
3211 2102
3212 1586
3213 2703
3214 2020
3215 130
3216 591
3217 1596
3218 1207
3219 2271
3220 951
3221 2869
3222 2440
3223 1491
3224 1619
3225 3196
3226 2325
3227 1775
3228 3112
3229 3223
3230 3137
3231 1170
3232 1056
3233 2362
3234 2370
3235 2728
3236 2720
3237 1199
3238 2399
3239 2125
3240 2471
3241 1226
3242 354
3243 2566
3244 630
3245 1462
3246 1096
3247 1650
3248 100
3249 3192
3250 3191
3251 2385
3252 1767
3253 1530
3254 1471
3255 1795
3256 1185
3257 619
3258 1037
3259 328
3260 152
3261 2643
3262 1578
3263 2347
3264 2103
3265 2572
3266 2480
3267 3209
3268 95
3269 23
3270 2787
3271 744
3272 2020
3273 2124
3274 735
3275 1887
3276 2791
3277 255
3278 2404
3279 1465
3280 608
3281 1126
3282 1186
3283 2194
3284 1182
3285 2681
3286 717
3287 1982
3288 1731
3289 540
3290 2585
3291 2957
3292 1925
3293 1068
3294 2334
3295 2900
3296 2941
3297 778
3298 3255
3299 938
3300 2103
3301 1992
3302 49
3303 1949
3304 1740
3305 669
3306 3298
3307 2286
3308 31
3309 1003
3310 239
3311 1327
3312 2543
3313 1516
3314 244
3315 329
3316 2751
3317 3278
3318 518
3319 880
3320 1636
3321 721
3322 1024
3323 1419
3324 1758
3325 3293
3326 1981
3327 3309
3328 2076
3329 880
3330 291
3331 2241
3332 2316
3333 3117
3334 248
3335 2460
3336 3157
3337 1146
3338 601
3339 3069
3340 1899
3341 1573
3342 776
3343 3103
3344 567
3345 3215
3346 2706
3347 847
3348 973
3349 48
3350 3038
3351 2089
3352 772
3353 904
3354 55
3355 760
3356 2060
3357 5
3358 2096
3359 269
3360 2250
3361 2535
3362 1057
3363 3231
3364 2404
3365 361
3366 2712
3367 3088
3368 2596
3369 180
3370 827
3371 417
3372 1006
3373 2728
3374 1937
3375 2537
3376 2829
3377 107
3378 1651
3379 2944
3380 390
3381 2094
3382 815
3383 971
3384 881
3385 2729
3386 2495
3387 97
3388 3319
3389 3359
3390 1931
3391 331
3392 2639
3393 1727
3394 2537
3395 159
3396 1918
3397 1078
3398 913
3399 1861
3400 1678
3401 1194
3402 3300
3403 1401
3404 2704
3405 1787
3406 1278
3407 1594
3408 1742
3409 672
3410 772
3411 511
3412 581
3413 825
3414 1243
3415 1023
3416 1105
3417 870
3418 56
3419 926
3420 218
3421 2449
3422 210
3423 2760
3424 2792
3425 3001
3426 2084
3427 1304
3428 3336
3429 3264
3430 1666
3431 1952
3432 1140
3433 1295
3434 3228
3435 2329
3436 647
3437 3105
3438 1667
3439 2885
3440 2583
3441 920
3442 1960
3443 1235
3444 74
3445 968
3446 2999
3447 2666
3448 1952
3449 2408
3450 1959
3451 1918
3452 835
3453 3293
3454 2893
3455 952
3456 833
3457 526
3458 1318
3459 2695
3460 2680
3461 1637
3462 2041
3463 726
3464 2804
3465 2929
3466 469
3467 2462
3468 203
3469 3149
3470 531
3471 1058
3472 1058
3473 1992
3474 532
3475 2089
3476 27
3477 1222
3478 2367
3479 1136
3480 3256
3481 1861
3482 825
3483 2752
3484 36
3485 3393
3486 742
3487 3088
3488 763
3489 57
3490 2379
3491 601
3492 2546
3493 392
3494 24
3495 1538
3496 2760
3497 398
3498 2373
3499 2009
3500 1821
3501 3189
3502 3058
3503 235
3504 824
3505 1979
3506 1870
3507 580
3508 3018
3509 550
3510 942
3511 3160
3512 1689
3513 1823
3514 498
3515 2337
3516 1999
3517 379
3518 609
3519 731
3520 1081
3521 1155
3522 186
3523 3439
3524 2808
3525 1446
3526 1300
3527 2515
3528 2759
3529 1867
3530 514
3531 530
3532 2290
3533 1475
3534 1161
3535 2970
3536 2570
3537 3399
3538 864
3539 1486
3540 1760
3541 2293
3542 2344
3543 1215
3544 3417
3545 3328
3546 2743
3547 983
3548 482
3549 1010
3550 1661
3551 3350
3552 3504
3553 2089
3554 1804
3555 2421
3556 2578
3557 802
3558 2871
3559 3370
3560 989
3561 575
3562 2797
3563 722
3564 1116
3565 1018
3566 1749
3567 459
3568 1650
3569 3173
3570 3353
3571 1083
3572 2089
3573 3148
3574 1654
3575 1210
3576 2000
3577 2635
3578 1620
3579 138
3580 2119
3581 1996
3582 908
3583 360
3584 2285
3585 489
3586 1891
3587 2511
3588 718
3589 1823
3590 933
3591 2098
3592 1818
3593 3573
3594 3090
3595 1863
3596 1771
3597 992
3598 177
3599 3383
3600 393
3601 2660
3602 1564
3603 1326
3604 2367
3605 116
3606 2551
3607 239
3608 105
3609 1526
3610 2070
3611 1334
3612 2596
3613 2367
3614 2291
3615 936
3616 147
3617 1220
3618 1655
3619 1095
3620 2056
3621 656
3622 915
3623 2348
3624 2746
3625 1178
3626 652
3627 270
3628 248
3629 358
3630 2157
3631 3007
3632 3335
3633 3432
3634 1631
3635 2243
3636 2638
3637 1848
3638 1378
3639 836
3640 3515
3641 3575
3642 1108
3643 2358
3644 3154
3645 1241
3646 1386
3647 2082
3648 3393
3649 3514
3650 3584
3651 1582
3652 1279
3653 813
3654 1546
3655 3464
3656 886
3657 3279
3658 3074
3659 2072
3660 1132
3661 3514
3662 640
3663 301
3664 3286
3665 1467
3666 465
3667 2770
3668 1188
3669 2227
3670 892
3671 3435
3672 2407
3673 614
3674 3495
3675 1884
3676 3221
3677 2506
3678 301
3679 1911
3680 1171
3681 3435
3682 1323
3683 548
3684 2272
3685 1886
3686 3444
3687 463
3688 2246
3689 947
3690 1037
3691 3336
3692 929
3693 1750
3694 1206
3695 137
3696 1887
3697 96
3698 1242
3699 2948
3700 2177
3701 1806
3702 1390
3703 2152
3704 1134
3705 1912
3706 2803
3707 761
3708 901
3709 2682
3710 3624
3711 987
3712 3116
3713 1466
3714 2528
3715 2177
3716 1555
3717 607
3718 1613
3719 1868
3720 3513
3721 1604
3722 3467
3723 3710
3724 2673
3725 3479
3726 3026
3727 701
3728 2021
3729 709
3730 1151
3731 3087
3732 3356
3733 2025
3734 3519
3735 2761
3736 688
3737 702
3738 313
3739 724
3740 3631
3741 2924
3742 231
3743 1078
3744 2562
3745 3057
3746 3218
3747 1992
3748 2
3749 2520
3750 844
3751 3734
3752 3083
3753 3658
3754 3471
3755 2813
3756 908
3757 1152
3758 1423
3759 1620
3760 1438
3761 2415
3762 3069
3763 1770
3764 380
3765 2201
3766 2309
3767 1916
3768 1325
3769 400
3770 818
3771 3020
3772 2667
3773 863
3774 1679
3775 2891
3776 3422
3777 351
3778 1217
3779 2357
3780 80
3781 3217
3782 3747
3783 554
3784 2586
3785 1442
3786 910
3787 2595
3788 2530
3789 1720
3790 1183
3791 95
3792 1586
3793 3393
3794 38
3795 2854
3796 3675
3797 2260
3798 597
3799 1060
3800 2153
3801 610
3802 2359
3803 2249
3804 1107
3805 2270
3806 2882
3807 1573
3808 2240
3809 512
3810 3701
3811 2011
3812 1612
3813 2907
3814 1144
3815 1564
3816 3598
3817 2612
3818 3459
3819 1377
3820 2739
3821 2072
3822 3441
3823 1444
3824 2947
3825 3337
3826 1452
3827 953
3828 587
3829 148
3830 3184
3831 3718
3832 164
3833 3817
3834 1262
3835 638
3836 414
3837 2672
3838 596
3839 272
3840 1154
3841 1176
3842 2767
3843 738
3844 1462
3845 767
3846 1635
3847 2485
3848 116
3849 1720
3850 3485
3851 1647
3852 3662
3853 3082
3854 1760
3855 717
3856 1059
3857 2809
3858 515
3859 316
3860 45
3861 97
3862 156
3863 3282
3864 2352
3865 1291
3866 3696
3867 1095
3868 3459
3869 1350
3870 1308
3871 2234
3872 3069
3873 2391
3874 3298
3875 1364
3876 2714
3877 396
3878 2083
3879 2177
3880 3195
3881 2179
3882 13
3883 1940
3884 625
3885 3569
3886 262
3887 1950
3888 1338
3889 3300
3890 3186
3891 1954
3892 1585
3893 3523
3894 1992
3895 2740
3896 2354
3897 992
3898 3825
3899 972
3900 920
3901 1371
3902 2560
3903 1786
3904 924
3905 191
3906 1727
3907 1461
3908 2058
3909 85
3910 1549
3911 3533
3912 2389
3913 3007
3914 103
3915 1199
3916 1113
3917 986
3918 2728
3919 1462
3920 1462
3921 2282
3922 1047
3923 2621
3924 3044
3925 3246
3926 1364
3927 2174
3928 1547
3929 406
3930 1080
3931 480
3932 236
3933 619
3934 3371
3935 413
3936 941
3937 3653
3938 64
3939 2434
3940 827
3941 1329
3942 3260
3943 3904
3944 1952
3945 1123
3946 2069
3947 1138
3948 406
3949 3858
3950 987
3951 2075
3952 1669
3953 3177
3954 1938
3955 1104
3956 1900
3957 1201
3958 174
3959 503
3960 3583
3961 2647
3962 2464
3963 3087
3964 2104
3965 1417
3966 321
3967 1230
3968 1364
3969 803
3970 902
3971 1805
3972 3712
3973 1946
3974 794
3975 3805
3976 1239
3977 1177
3978 1891
3979 135
3980 1452
3981 369
3982 337
3983 3754
3984 2917
3985 3004
3986 1855
3987 371
3988 2944
3989 950
3990 3659
3991 1273
3992 2695
3993 2751
3994 1589
3995 3945
3996 1555
3997 211
3998 2954
3999 2323
4000 3980
4001 842
4002 3139
4003 3778
4004 2921
4005 751
4006 2108
4007 1807
4008 2866
4009 1568
4010 1900
4011 2831
4012 2446
4013 3935
4014 2741
4015 1231
4016 2770
4017 1207
4018 2812
4019 1269
4020 371
4021 910
4022 718
4023 2679
4024 179
4025 1305
4026 2634
4027 878
4028 2082
4029 3358
4030 761
4031 1040
4032 531
4033 401
4034 322
4035 3074
4036 3923
4037 1088
4038 2852
4039 3442
4040 3713
4041 1788
4042 3868
4043 989
4044 375
4045 221
4046 3969
4047 2394
4048 2576
4049 1912
4050 1166
4051 1051
4052 2908
4053 1762
4054 3854
4055 3123
4056 1415
4057 1013
4058 2618
4059 3269
4060 1548
4061 3138
4062 1899
4063 3180
4064 1671
4065 1220
4066 3647
4067 1007
4068 3873
4069 688
4070 1712
4071 2734
4072 1571
4073 2423
4074 1018
4075 1994
4076 1206
4077 3239
4078 467
4079 3174
4080 3022
4081 3462
4082 3316
4083 1782
4084 284
4085 3643
4086 3729
4087 1915
4088 2685
4089 2641
4090 4061
4091 1270
4092 2734
4093 98
4094 1107
4095 2464
4096 2940
4097 1834
4098 389
4099 2216
4100 4003
4101 3949
4102 967
4103 772
4104 3238
4105 719
4106 3662
4107 937
4108 2458
4109 1148
4110 1425
4111 2836
4112 2072
4113 2848
4114 836
4115 3569
4116 2938
4117 3059
4118 2579
4119 179
4120 2610
4121 189
4122 896
4123 1728
4124 2163
4125 1085
4126 1554
4127 783
4128 161
4129 265
4130 76
4131 1451
4132 2831
4133 1818
4134 213
4135 2962
4136 3378
4137 506
4138 1491
4139 1743
4140 1522
4141 3162
4142 2297
4143 2959
4144 1804
4145 1949
4146 1353
4147 666
4148 526
4149 1028
4150 3658
4151 3251
4152 3905
4153 861
4154 2677
4155 31
4156 3354
4157 2314
4158 3750
4159 907
4160 246
4161 3962
4162 119
4163 2168
4164 2677
4165 626
4166 1314
4167 3582
4168 532
4169 3778
4170 2357
4171 4065
4172 786
4173 2304
4174 917
4175 1729
4176 3881
4177 693
4178 829
4179 2378
4180 418
4181 189
4182 761
4183 3769
4184 2193
4185 2595
4186 3775
4187 706
4188 3773
4189 3031
4190 3174
4191 2378
4192 2323
4193 1609
4194 1040
4195 3780
4196 635
4197 899
4198 2016
4199 2735
4200 1615
4201 2252
4202 3621
4203 1622
4204 663
4205 476
4206 263
4207 1943
4208 1332
4209 2937
4210 358
4211 3439
4212 1703
4213 1620
4214 1295
4215 1206
4216 2019
4217 858
4218 2688
4219 1416
4220 3384
4221 3508
4222 4119
4223 1000
4224 2637
4225 3461
4226 1595
4227 1323
4228 2597
4229 714
4230 881
4231 4186
4232 104
4233 1170
4234 949
4235 2535
4236 2906
4237 4179
4238 2491
4239 1178
4240 2208
4241 2637
4242 3285
4243 3053
4244 2133
4245 1183
4246 2221
4247 2197
4248 520
4249 3528
4250 1729
4251 141
4252 2190
4253 3087
4254 305
4255 3522
4256 377
4257 1838
4258 1530
4259 3970
4260 3868
4261 3602
4262 3767
4263 745
4264 1509
4265 2571
4266 3568
4267 732
4268 3797
4269 3293
4270 4218
4271 1642
4272 2115
4273 1854
4274 3189
4275 4148
4276 2983
4277 3982
4278 1032
4279 3204
4280 355
4281 1924
4282 2810
4283 1615
4284 1619
4285 3115
4286 2939
4287 2397
4288 3532
4289 977
4290 2573
4291 2205
4292 4155
4293 3875
4294 3188
4295 523
4296 1874
4297 1101
4298 3308
4299 3424
4300 2670
4301 671
4302 1447
4303 1417
4304 1056
4305 2561
4306 501
4307 1505
4308 402
4309 1123
4310 2936
4311 1143
4312 2044
4313 0
4314 3830
4315 2049
4316 2500
4317 2360
4318 83
4319 2164
4320 2259
4321 2628
4322 3475
4323 2672
4324 2215
4325 853
4326 2735
4327 1812
4328 3872
4329 1829
4330 2277
4331 1331
4332 927
4333 2706
4334 686
4335 1578
4336 722
4337 1916
4338 3239
4339 3838
4340 3533
4341 2353
4342 2340
4343 2469
4344 3762
4345 3078
4346 1704
4347 3982
4348 2013
4349 70
4350 1525
4351 1481
4352 3699
4353 1175
4354 3629
4355 2810
4356 1094
4357 264
4358 1341
4359 2561
4360 832
4361 656
4362 3886
4363 2193
4364 3119
4365 2711
4366 3317
4367 3994
4368 1195
4369 1088
4370 1870
4371 3001
4372 3527
4373 2770
4374 4116
4375 3323
4376 3382
4377 2615
4378 2062
4379 314
4380 2123
4381 1572
4382 2621
4383 2434
4384 1371
4385 3497
4386 422
4387 3013
4388 2195
4389 255
4390 3783
4391 1402
4392 122
4393 161
4394 3790
4395 1101
4396 3776
4397 2114
4398 3902
4399 786
4400 4121
4401 3108
4402 4263
4403 3325
4404 3528
4405 437
4406 2459
4407 1926
4408 2477
4409 4091
4410 4014
4411 941
4412 995
4413 1512
4414 877
4415 2832
4416 851
4417 548
4418 1042
4419 2759
4420 753
4421 2558
4422 3786
4423 2910
4424 2637
4425 3481
4426 2082
4427 1938
4428 2201
4429 1650
4430 827
4431 195
4432 2858
4433 3507
4434 1676
4435 30
4436 3800
4437 1196
4438 49
4439 576
4440 1053
4441 2825
4442 663
4443 1322
4444 3221
4445 2246
4446 1631
4447 3169
4448 1583
4449 288
4450 1030
4451 427
4452 4237
4453 2776
4454 463
4455 1134
4456 1209
4457 2519
4458 2211
4459 2988
4460 3422
4461 2120
4462 29
4463 2000
4464 2220
4465 1337
4466 2578
4467 4326
4468 3021
4469 2301
4470 2730
4471 3744
4472 3905
4473 980
4474 3418
4475 1077
4476 4393
4477 1112
4478 3121
4479 2200
4480 539
4481 793
4482 1712
4483 897
4484 596
4485 2399
4486 3110
4487 3949
4488 763
4489 2810
4490 3485
4491 3572
4492 172
4493 384
4494 838
4495 4212
4496 2475
4497 1689
4498 2306
4499 2260
4500 3587
4501 3455
4502 3229
4503 3634
4504 477
4505 1341
4506 580
4507 1024
4508 2966
4509 1858
4510 4120
4511 2118
4512 1042
4513 4496
4514 2833
4515 644
4516 532
4517 1031
4518 189
4519 263
4520 1072
4521 1095
4522 3081
4523 3967
4524 35
4525 4338
4526 4395
4527 2376
4528 651
4529 1865
4530 959
4531 2630
4532 926
4533 322
4534 1405
4535 1448
4536 1435
4537 1060
4538 3493
4539 471
4540 985
4541 3217
4542 3429
4543 1874
4544 1003
4545 1729
4546 1896
4547 293
4548 2304
4549 3566
4550 3296
4551 4218
4552 597
4553 3257
4554 2422
4555 2939
4556 3769
4557 3240
4558 4373
4559 4042
4560 304
4561 349
4562 3335
4563 3296
4564 2144
4565 1904
4566 751
4567 2790
4568 557
4569 4140
4570 2612
4571 697
4572 367
4573 2219
4574 1988
4575 1792
4576 804
4577 1582
4578 2934
4579 1049
4580 2993
4581 1717
4582 1049
4583 2469
4584 1824
4585 2839
4586 3876
4587 2664
4588 2162
4589 1986
4590 4076
4591 3431
4592 1781
4593 2639
4594 2548
4595 1865
4596 4595
4597 2093
4598 1266
4599 1554
4600 4256
4601 4450
4602 4347
4603 489
4604 611
4605 2096
4606 4335
4607 3549
4608 3096
4609 994
4610 1482
4611 3007
4612 735
4613 3676
4614 2975
4615 522
4616 535
4617 3395
4618 1507
4619 404
4620 4002
4621 109
4622 1560
4623 3665
4624 3277
4625 156
4626 2316
4627 794
4628 2872
4629 1394
4630 2041
4631 1275
4632 130
4633 1058
4634 2583
4635 478
4636 3867
4637 1464
4638 43
4639 1083
4640 3333
4641 879
4642 1804
4643 3996
4644 2780
4645 2756
4646 2931
4647 147
4648 2688
4649 2604
4650 4472
4651 9
4652 567
4653 3898
4654 2118
4655 3022
4656 1884
4657 3481
4658 3602
4659 4652
4660 408
4661 4569
4662 2891
4663 3675
4664 347
4665 4437
4666 1169
4667 3481
4668 2435
4669 1067
4670 3414
4671 1319
4672 4391
4673 997
4674 1799
4675 1404
4676 2786
4677 2642
4678 214
4679 4580
4680 736
4681 1793
4682 1645
4683 1355
4684 1033
4685 1235
4686 3621
4687 1339
4688 1156
4689 2326
4690 1983
4691 3336
4692 2074
4693 541
4694 754
4695 2786
4696 940
4697 2625
4698 39
4699 3102
4700 496
4701 1211
4702 4176
4703 476
4704 2464
4705 1623
4706 3915
4707 382
4708 4587
4709 2645
4710 4384
4711 1298
4712 2041
4713 2976
4714 3407
4715 4228
4716 3314
4717 595
4718 759
4719 1204
4720 2282
4721 1803
4722 1527
4723 1388
4724 640
4725 737
4726 215
4727 470
4728 163
4729 1195
4730 3328
4731 2426
4732 162
4733 2315
4734 2035
4735 1860
4736 4038
4737 3226
4738 4037
4739 1408
4740 4654
4741 3918
4742 1590
4743 4497
4744 172
4745 3482
4746 3799
4747 3303
4748 172
4749 1226
4750 3653
4751 1191
4752 2834
4753 161
4754 1046
4755 4297
4756 3718
4757 3765
4758 2714
4759 3606
4760 3855
4761 487
4762 2676
4763 2252
4764 1894
4765 55
4766 3818
4767 1890
4768 1246
4769 4701
4770 3273
4771 4137
4772 2971
4773 2269
4774 4095
4775 2970
4776 951
4777 1773
4778 3721
4779 3250
4780 857
4781 4622
4782 4107
4783 3942
4784 4224
4785 1063
4786 1322
4787 1794
4788 1491
4789 579
4790 2925
4791 3762
4792 273
4793 3865
4794 4734
4795 2465
4796 2948
4797 2376
4798 1347
4799 504
4800 3806
4801 3173
4802 748
4803 468
4804 2925
4805 3347
4806 2129
4807 4569
4808 4152
4809 4496
4810 1753
4811 970
4812 4030
4813 3935
4814 2349
4815 936
4816 1213
4817 501
4818 4205
4819 2668
4820 1691
4821 3869
4822 1522
4823 1427
4824 3638
4825 3704
4826 104
4827 41
4828 4485
4829 1365
4830 2869
4831 2771
4832 1836
4833 458
4834 1456
4835 818
4836 179
4837 1775
4838 3353
4839 1970
4840 2027
4841 931
4842 1487
4843 1585
4844 1163
4845 1748
4846 1803
4847 266
4848 3999
4849 4792
4850 4001
4851 2137
4852 2497
4853 793
4854 906
4855 3737
4856 964
4857 471
4858 2227
4859 935
4860 3148
4861 4563
4862 1676
4863 1018
4864 2030
4865 1772
4866 2551
4867 3990
4868 648
4869 1440
4870 4845
4871 3392
4872 3701
4873 2157
4874 3543
4875 2492
4876 1393
4877 3839
4878 1706
4879 3812
4880 150
4881 2735
4882 1427
4883 3457
4884 4511
4885 1754
4886 4381
4887 2517
4888 3252
4889 1699
4890 3927
4891 3304
4892 267
4893 636
4894 3706
4895 3432
4896 3396
4897 2220
4898 1214
4899 2592
4900 3733
4901 4037
4902 1962
4903 4828
4904 4430
4905 3218
4906 1231
4907 4224
4908 3840
4909 1740
4910 4532
4911 4726
4912 2100
4913 4714
4914 63
4915 861
4916 996
4917 1629
4918 1519
4919 4596
4920 3648
4921 621
4922 2216
4923 1230
4924 3650
4925 3148
4926 4179
4927 1398
4928 3476
4929 888
4930 2769
4931 2403
4932 3376
4933 3850
4934 4111
4935 4900
4936 3471
4937 1297
4938 282
4939 2901
4940 1176
4941 1960
4942 3264
4943 2702
4944 3773
4945 4097
4946 3306
4947 268
4948 3221
4949 4062
4950 94
4951 3937
4952 1460
4953 1872
4954 4307
4955 923
4956 2945
4957 4136
4958 3457
4959 2993
4960 4178
4961 1540
4962 1607
4963 191
4964 1604
4965 2027
4966 3644
4967 1227
4968 491
4969 1334
4970 937
4971 800
4972 1054
4973 287
4974 1443
4975 7
4976 3341
4977 2534
4978 3225
4979 635
4980 3261
4981 2629
4982 2053
4983 3614
4984 1005
4985 3709
4986 1733
4987 1154
4988 1303
4989 1176
4990 1931
4991 4224
4992 3340
4993 1510
4994 803
4995 4417
4996 1964
4997 1813
4998 3730
4999 3340
